8.368568407639813689e-01 2.136359376753528494e+00
-1.413658095482484445e+00 7.409623236133461077e+00
1.155212983070128541e+00 5.099618865460608497e+00
-1.018616316738789385e+00 7.814914647322421359e+00
1.271351410391687864e+00 1.892542067708849585e+00
3.437617540043242936e+00 2.616541663050084843e-01
-1.808222526001982633e+00 1.597017490032788034e+00
1.413724415853017113e+00 4.381177073902835950e+00
-2.049321682734437378e-01 8.432096650430892737e+00
-7.110996110121923230e-01 8.660438455477388331e+00
-1.712372680084930598e+00 2.777802264406907362e+00
-2.670007917882111670e+00 8.353891395940182818e+00
1.242588018193750532e+00 4.503991923872949776e+00
-2.227836490486847509e+00 6.894799381056522236e+00
1.455138312999139094e+00 -2.919899812863002708e-02
4.537917890373660557e-01 3.956477528589740889e+00
1.069238533964644855e+00 4.530684839209694559e+00
2.569365888574492551e+00 5.070483039578487228e-01
-1.066906104234853769e+00 3.131657951816495977e+00
-1.078591012699126273e+00 2.204515288210881163e+00
2.715063278965145876e+00 1.290821898371495635e+00
1.777109936645221433e+00 1.186552544202014170e+00
7.343639103625873021e-01 5.037254369677846455e+00
-1.996481506718420507e+00 2.851648681916989947e+00
-1.918280173182916881e+00 2.605168673952456437e+00
-5.555238109539522018e-01 4.695958484712606129e+00
1.697479098362573158e+00 8.661232821762090417e-01
5.947624315191664124e-01 4.709647304416289870e+00
-2.880242550863219009e+00 2.304378155151760588e+00
1.867256322395823842e-01 4.026836564559564735e+00
-5.133334362299544207e-01 7.874373679447740138e+00
-2.057011028323622703e+00 7.378515982687658514e+00
1.872717522441058602e+00 4.180692369188909296e+00
-1.131213956455321634e+00 6.766522302218239027e+00
-1.644289566826599991e+00 7.940951387619210600e+00
-2.419338235635111189e+00 7.439524977803895212e+00
-2.016069278668693787e+00 7.484201293074930206e+00
-2.621427798754867311e+00 7.986350664654516152e+00
-2.202999498475951334e+00 2.479475609614227860e+00
1.663822372000665961e+00 6.630916348253761416e-01
6.697869960051712201e-01 3.595408016974942722e+00
-1.985390367565771141e+00 2.055207377052175488e+00
-4.749203582851246885e-02 5.474252564587463787e+00
1.544621259210743780e+00 4.210781271593889485e+00
-1.702006430870623088e+00 2.460986934246149005e+00
-1.021925254777723557e+00 2.768207113236553329e+00
-1.378425516708139620e+00 8.102695966178472986e+00
-1.552206883996252840e+00 2.745749945899178091e+00
-1.479043028631660928e+00 7.569158359748475284e+00
1.988943127093394381e+00 1.509767286967416577e+00
-1.949724178735645630e+00 3.483838696314819572e+00
2.455097370652026711e+00 6.212317875048048998e-01
-8.943278823054385818e-01 7.617144729659120372e+00
1.696877880053660359e+00 7.549106220963326397e-01
1.756448051017494905e+00 2.055382892228128533e+00
-1.110640121607825881e+00 2.822138198445362622e+00
-4.150176586826814784e-02 7.808702759768079815e+00
-1.140915334184148699e+00 1.975508216153051055e+00
-1.806349676260742942e+00 7.728306560389196278e+00
1.392637517775807687e+00 9.289627074945214780e-01
-2.256986704042810210e+00 7.302077200784323985e+00
5.716704821520695035e-01 4.322885662413000318e+00
-1.549945795131673076e+00 9.282932223367843960e+00
-1.038192119729185681e+00 2.953237614842100900e+00
-2.109566755488596179e+00 3.106772584042617247e+00
-1.186529846510303798e+00 2.784277201024030202e+00
-2.458099751426006563e+00 7.511787235616893099e+00
2.369602135733401393e+00 9.507169121647336407e-01
-2.666760065030858051e+00 7.847660524664740400e+00
-1.497207024231850925e+00 3.214184327101696770e+00
1.322224568515459664e+00 4.178808074101593384e+00
-4.872713010704254888e-01 3.328582925448637209e+00
-1.037187708337335312e+00 8.063001335762946198e+00
-1.604968185738127717e+00 2.974254198964464191e+00
-1.503725682117792450e+00 1.923853199939950631e+00
-7.854122055400429847e-01 8.453123312911253961e+00
-1.757831898730670694e+00 2.974493214923367379e+00
1.190089916851136298e+00 4.727731228363558635e+00
2.140439419425345768e+00 7.060666096508797507e-01
-1.035401158878219485e+00 8.205591948277561443e+00
1.254712438591226054e+00 8.963315645940361787e-02
5.956768223379169669e-01 4.086142627856107268e+00
1.279553375598808884e+00 1.057894181547446522e+00
1.729550635822847404e+00 1.147293687694792119e+00
-9.490416098002537604e-01 8.464243309222425182e+00
9.353251153517163630e-01 5.331792960438010098e+00
2.369233517751930140e+00 7.947358612045879456e-01
4.285767432799999499e-01 4.973997100305902030e+00
-2.047582767502851286e+00 6.654285201769981839e+00
-1.456726166245288168e+00 7.486698929525399393e+00
5.294171853174312048e-01 3.807924204252981504e+00
1.781948019322471932e+00 9.081511553529708625e-01
-1.955750533128763013e+00 8.616316858640450604e+00
-1.745720139856916653e+00 3.011904574496541365e+00
-1.179791114584578304e+00 3.127674935529026978e+00
1.164110699537035831e+00 3.791329883867355033e+00
1.361558062339730313e+00 1.366382520963932867e+00
2.601374866288432841e+00 1.087994589052718064e+00
2.723960354779991766e-01 5.469960038837965222e+00
-3.122407356019949898e+00 3.281673975948751210e+00
-5.880851718139260553e-01 8.614273199037326023e+00
1.669096479733143568e+00 -4.363782313967190518e-01
-6.827749032139139862e-01 7.674903167900385625e+00
2.367906447304533035e+00 5.521908780500972558e-01
1.052417334168667118e+00 4.544980945515210813e+00
2.227073734768245661e+00 1.262969960623207211e+00
2.439346437091433284e+00 -7.250996664856379503e-02
1.344717700754143319e+00 4.857111330388305781e+00
-1.314549417785706886e+00 6.839040128520036177e+00
9.825700909789873982e-01 5.375309623791890701e+00
-1.062952226780345732e+00 2.207553877217132143e+00
-1.607124949022968874e+00 3.564528544918880382e+00
1.573221722928573207e+00 4.839337932878165494e-01
-2.178513381796238768e+00 8.085851308260695092e+00
1.833758418667411849e+00 7.540361533923809478e-01
2.106160496780247637e+00 3.495131890762922300e+00
-1.643387554829152553e+00 7.526919636077600728e+00
1.105504483031828800e+00 1.263891287402259866e+00
1.611529723598089880e+00 1.823472417181978278e+00
4.595346675136735559e-01 5.449826299307810373e+00
-5.380230538973697074e-01 3.016418914625523140e+00
1.678414985647930679e+00 6.090473888614642561e-01
-1.012149658646503525e+00 3.602543381327667049e+00
1.341951966762460646e+00 5.935738473587243158e-01
1.428115501744705140e+00 1.624350833747557399e+00
2.045055273116013428e+00 1.125154701270985935e+00
1.672805306101540435e+00 6.593005713406582258e-01
-1.358638990032127847e+00 2.322008094775374509e+00
1.130789312766103061e+00 9.356208564581358633e-01
-1.738963062476224897e+00 1.947997748142503260e+00
-3.402589252022272248e-01 8.167339254166144258e+00
-1.637936215827510367e+00 2.433293168763309477e+00
-1.687544135358285180e+00 2.241075462451118661e+00
2.430406392049190512e+00 -6.357093342611164211e-02
-1.379980391744878077e+00 7.185038043238433758e+00
-1.252454649489310956e+00 2.339115053092885699e+00
-2.394824832959938199e+00 3.398061030937139293e+00
-2.091833524506889752e+00 7.481425428119869991e+00
4.883823093198226273e-01 3.268017766049383876e+00
-5.394286139731787610e-01 7.456317760838493847e+00
-2.592018209943192097e+00 8.076359448695766829e+00
-1.046565131163307294e+00 2.964838366430119443e+00
1.255667542384770963e+00 3.382041115682056009e+00
-1.621504222920195026e+00 4.271916359712048639e+00
1.869221394823854965e+00 5.441320833066740192e+00
-1.764041402814517934e+00 2.222229951493174926e+00
-1.381819183315142530e+00 7.287612484816516023e+00
7.931370011724170332e-03 4.176143159320008458e+00
-1.102984998155076557e+00 7.302227861229416028e+00
-1.793513722321582016e+00 7.580869443054853107e+00
-1.511769487827439029e+00 7.944263073172287193e+00
9.593607415433020869e-01 4.560786449766640160e+00
-6.013373925176075385e-01 6.299949215835136229e+00
2.245928625165393155e-01 4.770281540947536314e+00
1.567248965910356340e+00 1.780906325642850341e-02
-1.033952585992027995e+00 2.921057849112739468e+00
-9.222686399136383884e-01 8.098885790244819916e+00
-1.886096375375696965e+00 2.248344069756885943e+00
1.868735818413794991e+00 9.561037596992069121e-01
1.101235065392611290e+00 4.889770749338617328e+00
-1.932137248002214758e+00 8.306434528385894467e+00
6.704787694955030020e-01 4.040942746481678505e+00
7.438739881017236710e-01 4.122405677103188282e+00
1.640037612762243135e+00 1.819489892485415483e+00
8.154680559756668501e-01 4.785261164926226662e+00
-2.632745743315894504e+00 2.631097858908830744e+00
-9.610763608283947601e-01 1.274075961019389025e+00
2.139790794550548991e-01 4.885425352343196970e+00
1.434721816362199309e+00 1.306620370906913076e+00
1.213874106143482123e+00 3.647950422210086696e+00
1.082725763898746862e+00 4.062718765723432490e+00
-1.226052341600060602e+00 8.296201460281215745e+00
1.481700521137211624e+00 6.900745945183049956e-01
1.895937607161569449e+00 5.185402589388560912e+00
-1.323561538092338674e+00 4.130508398224001176e+00
-1.149898631274598237e+00 7.893252829194311815e+00
2.469158420153751088e+00 1.678771397676935839e+00
2.311022759899738599e+00 1.303808480956084148e+00
5.727938098809244316e-01 4.088055430524065059e+00
-9.677949887533232598e-01 3.121861251613879951e+00
2.624920005588334604e+00 9.501944047690513706e-01
1.683537821242285570e+00 4.195832425960979606e+00
-2.221317168736417713e+00 2.730506910657706676e+00
-1.578462473404873112e+00 3.034458024160585854e+00
8.151552292313180015e-02 4.567422348207111682e+00
1.432892713634691173e+00 4.376792337344086903e+00
1.062696221243021766e+00 5.176351431626175170e+00
7.675227889508035028e-01 4.397596708910778140e+00
2.470190772074989827e+00 1.314513146131540466e+00
-1.731631679269770796e+00 7.164472861048614583e+00
3.471382995062395338e-01 3.451776565141004838e+00
-1.001404356269506746e+00 2.848817780240786579e+00
1.016180411976395748e+00 4.485270466092258879e+00
5.595293627076758369e-01 4.214006603251787553e+00
-2.118210455832395755e+00 2.034781256854970799e+00
-1.362194198587541649e+00 2.383333211535806129e+00
-2.783665855945592238e+00 2.992115409873226550e+00
1.652251631810399246e+00 3.655828422430336122e+00
-1.939606579839114886e+00 2.189435819476650558e+00
-1.814876869240726442e+00 7.978321904340980986e+00
1.202125397239872662e+00 3.644146853097873340e+00
-9.692009463341885178e-01 3.267217016171877209e+00
1.869859740004604642e+00 -1.079386238600490433e-01
-1.807011340853562853e+00 2.067738593457367102e+00
1.217675063253024437e+00 3.892901272884202069e+00
-1.483689173635932335e+00 6.007774182761638215e+00
-1.563879854479293785e+00 2.853499095558417853e+00
-6.862102966249959968e-01 8.682856639264059595e+00
1.076274175770012498e+00 4.684806189583653691e+00
-9.759866271647398284e-01 6.737615769038875158e+00
1.379646932753956445e+00 4.548264429193055847e+00
-1.641296109370744993e+00 2.680972552913052809e+00
-1.848929633131657368e-03 4.581456680763854372e+00
1.714444486983127458e+00 5.025215236719036582e+00
-1.405243042172690693e+00 7.726113145367627943e+00
-7.081849043604225846e-01 2.504212750603160398e+00
-8.857983736322999624e-01 2.645850779022290045e+00
1.984369094355736163e+00 4.895567375398266474e-01
2.951958248127699136e+00 -3.443273550701826391e-01
4.318910599165497466e-01 4.334954564926073672e+00
-1.866216944731536209e+00 7.625493996888131676e+00
2.527064298698263656e+00 6.178122018963709827e-01
2.040671846793516764e+00 4.548451144145236325e-01
-2.580438363284536685e+00 3.188442938416671701e+00
1.619909094354727408e+00 6.764528670090363960e-02
-2.588027083628123837e+00 3.131171336979384101e+00
4.435986299684274714e-01 3.115309446514033631e+00
-4.567736489652048926e-01 7.306008724511642960e+00
-1.128675656608271183e+00 7.805097891064594506e+00
2.130035294434725834e+00 5.192096202309044450e+00
1.003725188927362622e+00 4.191477017432889696e+00
-1.393467672668281976e+00 8.746416717855018064e+00
7.280986900906466497e-01 3.855314440583935465e+00
8.934996379249737775e-01 1.010930818014234012e+00
-1.107829723757503881e+00 2.920144794784884201e+00
7.893385592700714604e-01 4.337486532786237525e+00
1.975539174880704518e+00 7.189891322968998688e-01
-1.249025815630741221e+00 3.085339719968594796e+00
-1.077687972261821558e+00 8.881061284034972303e+00
-1.868491245304016335e+00 3.079824874297579562e+00
2.768085396844258916e+00 1.087829227092846684e+00
2.771801740764812116e-01 4.844283219620901804e+00
3.410852891847389046e+00 8.723093689415511998e-01
-1.580841550688930841e+00 7.553077420748719462e+00
-1.530275504366675143e+00 7.705421133296271208e+00
-1.824558403726038947e+00 7.359589598016991197e+00
-1.685682570022967619e+00 7.953394456078864749e+00
-1.651046218920288355e+00 3.445989608581592201e+00
-1.304409012453244143e+00 3.003119344445464023e+00
-7.306981679490796022e-01 6.242088559856634689e+00
2.406156943464860198e+00 4.870475019642638514e+00
-1.536313280183438268e+00 3.014439162312056553e+00
1.488599767881927605e+00 6.516338440164077817e-01
5.143204338793052610e-01 4.627336842223479962e+00
-1.814697501626673981e+00 3.290097240339230122e+00
-1.937310551864235286e+00 3.913612739047045874e+00
-6.149070967624418182e-01 3.949635845782839549e+00
2.031697830496380419e+00 1.968075612932184137e-01
2.149171444212103488e+00 1.036972281658102180e+00
-1.369993879206150567e+00 7.769530348056005842e+00
9.143387674703603585e-01 4.550146428611413718e+00
3.338185056401695716e-01 4.936458363607071576e+00
-2.159681091612913661e+00 3.410030963727931574e+00
1.366786329986216408e+00 6.349716330912764661e-01
-5.710993360374091443e-01 8.133060583447971226e+00
-1.005525921083828322e+00 3.084005404840799436e+00
1.494931797862198319e+00 3.858488315204525065e+00
-5.904476673466710901e-01 7.694930534834871771e+00
7.151779475135126019e-01 5.413345564535995358e+00
2.113902502061791200e+00 1.247435867789913111e+00
1.200830976043358866e+00 6.016717299206204572e-01
-2.545767504881258247e+00 3.150250546570160903e+00
-1.958666646352981155e+00 2.430086468200676642e+00
2.338122852939059637e+00 3.431167922689131178e+00
3.353209091001291497e+00 1.699580429599771847e+00
1.842871174680787538e+00 7.269288388712558113e-02
1.320006210134777147e+00 1.404281445778865045e+00
2.096805454802436852e+00 4.847414122413621129e+00
-1.243079035395604492e+00 8.151662540714390559e+00
-1.859080899918569063e+00 7.788747162077084063e+00
2.746666460302749968e+00 1.545434815160029451e+00
2.607782815701369383e+00 1.088900251703749600e+00
1.659910489272475420e+00 3.562891835236198457e+00
2.351512587842390811e+00 8.280012965173169093e-01
2.223222280858820898e+00 8.387734261521621049e-01
3.228814906383294492e+00 1.131719653550692595e+00
-1.558767200252392238e+00 7.248162100026331878e+00
-6.469567838773988555e-01 3.429413425009861793e+00
-1.326888181670997646e+00 8.515307943377427691e+00
9.171985638912356631e-01 3.905700355631125387e+00
2.294695328816955815e+00 -7.658919939180532932e-01
1.815598103875152969e+00 1.119697192646448070e+00
-1.120167745400048931e+00 7.110315823401661461e+00
-1.655071243684820503e+00 8.614167490032253127e+00
-1.275678151142291217e+00 7.967764609095898010e+00
1.973697701025885376e+00 1.579798477499553933e+00
2.518341852161078087e+00 1.391766152316175731e+00
4.389901418302897262e-01 4.535928826163947214e+00
3.694786567919974285e-01 7.791105215873344925e+00
-1.791457592597460291e+00 2.749668964222417245e+00
